Cores Threads Time
1 1 0,398122
1 2 0,367084
1 3 0,35103
1 4 0,328019
1 5 0,325694
1 6 0,331953
1 7 0,341094
1 8 0,360467
1 9 0,339548
1 10 0,335561
1 11 0,331651
1 12 0,329198
1 13 0,33312
1 14 0,338095
1 15 0,334221
1 16 0,33947
2 1 0,323755
2 2 0,335281
2 3 0,339004
2 4 0,334387
2 5 0,340313
2 6 0,332637
2 7 0,334911
2 8 0,344161
2 9 0,342552
2 10 0,343342
2 11 0,347327
2 12 0,352613
2 13 0,346593
2 14 0,348686
2 15 0,356834
2 16 0,353787
3 1 0,325159
3 2 0,192911
3 3 0,179547
3 4 0,188683
3 5 0,186089
3 6 0,192957
3 7 0,180359
3 8 0,1898
3 9 0,18042
3 10 0,186969
3 11 0,18811
3 12 0,183461
3 13 0,180992
3 14 0,189132
3 15 0,190028
3 16 0,187117
4 1 0,320033
4 2 0,169858
4 3 0,18165
4 4 0,177407
4 5 0,178287
4 6 0,189086
4 7 0,180971
4 8 0,195414
4 9 0,185793
4 10 0,182075
4 11 0,18812
4 12 0,191857
4 13 0,185235
4 14 0,19074
4 15 0,187046
4 16 0,193214