100 98 51 100 200
1 1 1 1 1 1 1 1 1 1 1 1 1 1 1 1 1 1 1 1 1 1 1 1 1 1 1 1 1 1 1 1 1 1 1 1 1 1 1 1 1 1 1 1 1 1 1 1 1 1 1 1 1 1 1 1 1 1 1 1 1 1 1 1 1 1 1 1 1 1 1 1 1 1 1 1 1 1 1 1 1 1 1 1 1 1 1 1 1 1 1 1 1 1 1 1 1 1 1
151 3 100 51 50
152 3 1 50 52
155 3 100 52 49
158 3 1 49 53
163 3 100 53 48
168 3 1 48 54
175 3 100 54 47
182 3 1 47 55
191 3 100 55 46
200 3 1 46 56
211 3 100 56 45
222 3 1 45 57
235 3 100 57 44
248 3 1 44 58
263 3 100 58 43
278 3 1 43 59
295 3 100 59 42
312 3 1 42 60
331 3 100 60 41
350 3 1 41 61
371 3 100 61 40
392 3 1 40 62
415 3 100 62 39
438 3 1 39 63
463 3 100 63 38
488 3 1 38 64
515 3 100 64 37
542 3 1 37 65
571 3 100 65 36
600 3 1 36 66
631 3 100 66 35
662 3 1 35 67
695 3 100 67 34
728 3 1 34 68
763 3 100 68 33
798 3 1 33 69
835 3 100 69 32
872 3 1 32 70
911 3 100 70 31
950 3 1 31 71
991 3 100 71 30
1032 3 1 30 72
1075 3 100 72 29
1118 3 1 29 73
1163 3 100 73 28
1208 3 1 28 74
1255 3 100 74 27
1302 3 1 27 75
1351 3 100 75 26
1400 3 1 26 76
1451 3 100 76 25
1502 3 1 25 77
1555 3 100 77 24
1608 3 1 24 78
1663 3 100 78 23
1718 3 1 23 79
1775 3 100 79 22
1832 3 1 22 80
1891 3 100 80 21
1950 3 1 21 81
2011 3 100 81 20
2072 3 1 20 82
2135 3 100 82 19
2198 3 1 19 83
2263 3 100 83 18
2328 3 1 18 84
2395 3 100 84 17
2462 3 1 17 85
2531 3 100 85 16
2600 3 1 16 86
2671 3 100 86 15
2742 3 1 15 87
2815 3 100 87 14
2888 3 1 14 88
2963 3 100 88 13
3038 3 1 13 89
3115 3 100 89 12
3192 3 1 12 90
3271 3 100 90 11
3350 3 1 11 91
3431 3 100 91 10
3512 3 1 10 92
3595 3 100 92 9
3678 3 1 9 93
3763 3 100 93 8
3848 3 1 8 94
3935 3 100 94 7
4022 3 1 7 95
4111 3 100 95 6
4200 3 1 6 96
4291 3 100 96 5
4382 3 1 5 97
4475 3 100 97 4
4568 3 1 4 98
4663 3 100 98 3
4758 3 1 3 99
4855 3 100 99 2
4952 3 1 2 100
